 probe1D_hor
    {
          type                probes;
          functionObjectLibs ("libsampling.so");
          name                probe1;
          outputControl       timeStep;
          outputInterval      1;
          fields
          (
              U
          );
          
          probeLocations
          (
(126	-126	0.0)
(126	-120	0.0)
(126	-114	0.0)
(126	-108	0.0)
(126	-102	0.0)
(126	-96	0.0)
(126	-90	0.0)
(126	-84	0.0)
(126	-78	0.0)
(126	-72	0.0)
(126	-66	0.0)
(126	-60	0.0)
(126	-54	0.0)
(126	-48	0.0)
(126	-42	0.0)
(126	-36	0.0)
(126	-30	0.0)
(126	-24	0.0)
(126	-18	0.0)
(126	-12	0.0)
(126	-6	0.0)
(126	0	0.0)
(126	6	0.0)
(126	12	0.0)
(126	18	0.0)
(126	24	0.0)
(126	30	0.0)
(126	36	0.0)
(126	42	0.0)
(126	48	0.0)
(126	54	0.0)
(126	60	0.0)
(126	66	0.0)
(126	72	0.0)
(126	78	0.0)
(126	84	0.0)
(126	90	0.0)
(126	96	0.0)
(126	102	0.0)
(126	108	0.0)
(126	114	0.0)
(126	120	0.0)
(126	126	0.0)


          );
     }

probe2D_hor
    {
          type                probes;
          functionObjectLibs ("libsampling.so");
          name                probe1;
          outputControl       timeStep;
          outputInterval      1;
          fields
          (
              U
          );

          probeLocations
          ( 
(252	-126	0.0)
(252	-120	0.0)
(252	-114	0.0)
(252	-108	0.0)
(252	-102	0.0)
(252	-96	0.0)
(252	-90	0.0)
(252	-84	0.0)
(252	-78	0.0)
(252	-72	0.0)
(252	-66	0.0)
(252	-60	0.0)
(252	-54	0.0)
(252	-48	0.0)
(252	-42	0.0)
(252	-36	0.0)
(252	-30	0.0)
(252	-24	0.0)
(252	-18	0.0)
(252	-12	0.0)
(252	-6	0.0)
(252	0	0.0)
(252	6	0.0)
(252	12	0.0)
(252	18	0.0)
(252	24	0.0)
(252	30	0.0)
(252	36	0.0)
(252	42	0.0)
(252	48	0.0)
(252	54	0.0)
(252	60	0.0)
(252	66	0.0)
(252	72	0.0)
(252	78	0.0)
(252	84	0.0)
(252	90	0.0)
(252	96	0.0)
(252	102	0.0)
(252	108	0.0)
(252	114	0.0)
(252	120	0.0)
(252	126	0.0)

);
}

 probe5D_hor
    {
          type                probes;
          functionObjectLibs ("libsampling.so");
          name                probe1;
          outputControl       timeStep;
          outputInterval      1;
          fields
          (
              U
          );

          probeLocations
          (
(630	-126	0.0)
(630	-120	0.0)
(630	-114	0.0)
(630	-108	0.0)
(630	-102	0.0)
(630	-96	0.0)
(630	-90	0.0)
(630	-84	0.0)
(630	-78	0.0)
(630	-72	0.0)
(630	-66	0.0)
(630	-60	0.0)
(630	-54	0.0)
(630	-48	0.0)
(630	-42	0.0)
(630	-36	0.0)
(630	-30	0.0)
(630	-24	0.0)
(630	-18	0.0)
(630	-12	0.0)
(630	-6	0.0)
(630	0	0.0)
(630	6	0.0)
(630	12	0.0)
(630	18	0.0)
(630	24	0.0)
(630	30	0.0)
(630	36	0.0)
(630	42	0.0)
(630	48	0.0)
(630	54	0.0)
(630	60	0.0)
(630	66	0.0)
(630	72	0.0)
(630	78	0.0)
(630	84	0.0)
(630	90	0.0)
(630	96	0.0)
(630	102	0.0)
(630	108	0.0)
(630	114	0.0)
(630	120	0.0)
(630	126	0.0)

);
}

probe8D_hor
    {
          type                probes;
          functionObjectLibs ("libsampling.so");
          name                probe1;
          outputControl       timeStep;
          outputInterval      1;
          fields
          (
              U
          );

          probeLocations
          (
(1008	-126	0.0)
(1008	-120	0.0)
(1008	-114	0.0)
(1008	-108	0.0)
(1008	-102	0.0)
(1008	-96	0.0)
(1008	-90	0.0)
(1008	-84	0.0)
(1008	-78	0.0)
(1008	-72	0.0)
(1008	-66	0.0)
(1008	-60	0.0)
(1008	-54	0.0)
(1008	-48	0.0)
(1008	-42	0.0)
(1008	-36	0.0)
(1008	-30	0.0)
(1008	-24	0.0)
(1008	-18	0.0)
(1008	-12	0.0)
(1008	-6	0.0)
(1008	0	0.0)
(1008	6	0.0)
(1008	12	0.0)
(1008	18	0.0)
(1008	24	0.0)
(1008	30	0.0)
(1008	36	0.0)
(1008	42	0.0)
(1008	48	0.0)
(1008	54	0.0)
(1008	60	0.0)
(1008	66	0.0)
(1008	72	0.0)
(1008	78	0.0)
(1008	84	0.0)
(1008	90	0.0)
(1008	96	0.0)
(1008	102	0.0)
(1008	108	0.0)
(1008	114	0.0)
(1008	120	0.0)
(1008	126	0.0)

);
}

 probe1D_ver
    {
          type                probes;
          functionObjectLibs ("libsampling.so");
          name                probe1;
          outputControl       timeStep;
          outputInterval      1;
          fields
          (
              U
          );

          probeLocations
          (
(126	0	-126	)
(126	0	-120	)
(126	0	-114	)
(126	0	-108	)
(126	0	-102	)
(126	0	-96	)
(126	0	-90	)
(126	0	-84	)
(126	0	-78	)
(126	0	-72	)
(126	0	-66	)
(126	0	-60	)
(126	0	-54	)
(126	0	-48	)
(126	0	-42	)
(126	0	-36	)
(126	0	-30	)
(126	0	-24	)
(126	0	-18	)
(126	0	-12	)
(126	0	-6	)
(126	0	0	)
(126	0	6	)
(126	0	12	)
(126	0	18	)
(126	0	24	)
(126	0	30	)
(126	0	36	)
(126	0	42	)
(126	0	48	)
(126	0	54	)
(126	0	60	)
(126	0	66	)
(126	0	72	)
(126	0	78	)
(126	0	84	)
(126	0	90	)
(126	0	96	)
(126	0	102	)
(126	0	108	)
(126	0	114	)
(126	0	120	)
(126	0	126	)

);
}

 probe2D_ver
    {
          type                probes;
          functionObjectLibs ("libsampling.so");
          name                probe1;
          outputControl       timeStep;
          outputInterval      1;
          fields
          (
              U
          );

          probeLocations
          (
(252	0	-126	)
(252	0	-120	)
(252	0	-114	)
(252	0	-108	)
(252	0	-102	)
(252	0	-96	)
(252	0	-90	)
(252	0	-84	)
(252	0	-78	)
(252	0	-72	)
(252	0	-66	)
(252	0	-60	)
(252	0	-54	)
(252	0	-48	)
(252	0	-42	)
(252	0	-36	)
(252	0	-30	)
(252	0	-24	)
(252	0	-18	)
(252	0	-12	)
(252	0	-6	)
(252	0	0	)
(252	0	6	)
(252	0	12	)
(252	0	18	)
(252	0	24	)
(252	0	30	)
(252	0	36	)
(252	0	42	)
(252	0	48	)
(252	0	54	)
(252	0	60	)
(252	0	66	)
(252	0	72	)
(252	0	78	)
(252	0	84	)
(252	0	90	)
(252	0	96	)
(252	0	102	)
(252	0	108	)
(252	0	114	)
(252	0	120	)
(252	0	126	)
);
}

 probe5D_ver
    {
          type                probes;
          functionObjectLibs ("libsampling.so");
          name                probe1;
          outputControl       timeStep;
          outputInterval      1;
          fields
          (
              U
          );

          probeLocations
          (
(630	0	-126	)
(630	0	-120	)
(630	0	-114	)
(630	0	-108	)
(630	0	-102	)
(630	0	-96	)
(630	0	-90	)
(630	0	-84	)
(630	0	-78	)
(630	0	-72	)
(630	0	-66	)
(630	0	-60	)
(630	0	-54	)
(630	0	-48	)
(630	0	-42	)
(630	0	-36	)
(630	0	-30	)
(630	0	-24	)
(630	0	-18	)
(630	0	-12	)
(630	0	-6	)
(630	0	0	)
(630	0	6	)
(630	0	12	)
(630	0	18	)
(630	0	24	)
(630	0	30	)
(630	0	36	)
(630	0	42	)
(630	0	48	)
(630	0	54	)
(630	0	60	)
(630	0	66	)
(630	0	72	)
(630	0	78	)
(630	0	84	)
(630	0	90	)
(630	0	96	)
(630	0	102	)
(630	0	108	)
(630	0	114	)
(630	0	120	)
(630	0	126	)

);
}

 probe8D_ver
    {
          type                probes;
          functionObjectLibs ("libsampling.so");
          name                probe1;
          outputControl       timeStep;
          outputInterval      1;
          fields
          (
              U
          );

          probeLocations
          (
(1008	0	-126	)
(1008	0	-120	)
(1008	0	-114	)
(1008	0	-108	)
(1008	0	-102	)
(1008	0	-96	)
(1008	0	-90	)
(1008	0	-84	)
(1008	0	-78	)
(1008	0	-72	)
(1008	0	-66	)
(1008	0	-60	)
(1008	0	-54	)
(1008	0	-48	)
(1008	0	-42	)
(1008	0	-36	)
(1008	0	-30	)
(1008	0	-24	)
(1008	0	-18	)
(1008	0	-12	)
(1008	0	-6	)
(1008	0	0	)
(1008	0	6	)
(1008	0	12	)
(1008	0	18	)
(1008	0	24	)
(1008	0	30	)
(1008	0	36	)
(1008	0	42	)
(1008	0	48	)
(1008	0	54	)
(1008	0	60	)
(1008	0	66	)
(1008	0	72	)
(1008	0	78	)
(1008	0	84	)
(1008	0	90	)
(1008	0	96	)
(1008	0	102	)
(1008	0	108	)
(1008	0	114	)
(1008	0	120	)
(1008	0	126	)

);

}
